time,pid,phi1,psi1,phi2,psi2,phi3,psi3,theta1,theta2
1990000.0,P0,-84,131,-120,100,-101,119,-171,-153
1990000.0,P1,-92,144,-146,128,-127,112,-176,-137
1990000.0,P2,-132,120,-97,133,-108,113,-177,-149
1990000.0,P3,-84,119,-142,116,-112,113,172,-153
1990000.0,P4,-131,103,-81,97,-104,112,-166,-170
1990000.0,P5,-127,141,-128,119,-126,113,-166,-168
1990000.0,P6,-65,139,-130,58,-56,126,-112,156
1990000.0,P7,-92,146,-114,72,-84,131,-145,-144
1990000.0,P8,-160,57,-86,125,-117,91,172,-147
1990000.0,P9,-87,101,-103,96,-95,136,-136,-157
1990000.0,P10,-133,148,-139,111,-131,142,-168,164
1990000.0,P11,-141,142,-115,132,-117,113,-154,-158
1990000.0,P12,-107,128,-88,101,-96,133,-145,-168
1990000.0,P13,-122,147,-123,88,-77,95,-177,-108
1990000.0,P14,-160,122,-109,153,-131,152,-160,-151
1990000.0,P15,-126,161,-148,105,-93,72,-135,149
1990000.0,P16,-81,145,-127,95,-79,124,-135,-178
1990000.0,P17,-140,135,-139,101,-81,90,158,-128
1990000.0,P18,-76,150,-140,103,-96,122,-131,152
1990000.0,P19,-57,102,-65,107,-114,93,-148,-140
1990000.0,P20,-97,129,-117,138,-130,100,-177,-148
1990000.0,P21,-131,120,-124,143,-108,123,-166,-140
1990000.0,P22,-152,142,-135,113,-108,119,-167,178
1990000.0,P23,-80,116,-137,146,-121,-5,158,-147
1990000.0,P24,-84,98,-83,132,-124,122,-158,-156
1990000.0,P25,-127,99,-92,111,-130,147,-173,-153
1990000.0,P26,-112,97,-83,119,-110,139,-135,-163
1990000.0,P27,-146,152,-148,123,-103,124,179,-158
1990000.0,P28,-92,126,-137,103,-95,119,-160,-162
1990000.0,P29,-118,129,-127,103,-111,148,-161,-146
1990000.0,P30,-92,79,-80,108,-113,125,-151,-153
1990000.0,P31,-144,165,-130,127,-121,126,-149,-165
1990000.0,P32,-145,156,-96,84,-65,135,173,-140
1990000.0,P33,-127,119,-93,111,-100,106,-179,-138
1990000.0,P34,-58,128,-106,127,-130,112,-174,-151
1990000.0,P35,-164,61,-73,113,-77,117,174,-133
1990000.0,P36,-154,117,-142,142,-139,114,170,-172
1990000.0,P37,-131,109,-92,124,-119,127,-160,-161
1990000.0,P38,-89,150,-142,112,-95,152,-156,-146
1990000.0,P39,-122,147,-142,94,-82,121,-171,-134
1990000.0,P40,-137,119,-113,118,-120,116,-173,-161
1990000.0,P41,-72,129,-160,114,-108,141,165,-155
1990000.0,P42,-91,101,-101,117,-104,106,-138,-166
1990000.0,P43,-110,109,-89,99,-101,123,-164,-155
1990000.0,P44,-82,121,-91,102,-78,125,-140,-145
1990000.0,P45,-70,136,-143,121,-117,131,-162,-171
1990000.0,P46,-135,95,-127,151,-151,123,177,-174
1990000.0,P47,-74,106,-82,140,-131,139,-171,-146
1990000.0,P48,-153,128,-132,152,-134,138,162,-149
1990000.0,P49,-75,117,-98,105,-95,98,-161,-150
1990000.0,P50,-90,93,-100,138,-135,138,-171,-165
1990000.0,P51,-82,128,-138,124,-125,114,155,-167
1990000.0,P52,-159,103,-86,128,-162,101,-126,170
1990000.0,P53,-85,148,-125,119,-114,94,-156,-161
1990000.0,P54,-72,126,-132,172,-86,156,-117,-100
1990000.0,P55,-132,121,-133,149,-129,86,152,-150
1990000.0,P56,-79,149,-139,95,-95,127,-157,-167
1990000.0,P57,-148,138,-135,141,-121,142,-163,-152
1990000.0,P58,-137,72,-71,97,-98,91,-137,-178
1990000.0,P59,-135,106,-83,113,-111,117,-129,147
1990000.0,P60,-78,100,-99,111,-109,156,-161,-165
1990000.0,P61,-58,-36,-151,98,-117,4,-3,159
1990000.0,P62,-111,105,-93,92,-84,123,-156,-158
1990000.0,P63,-85,158,-166,120,-94,112,-175,-156
1990000.0,P64,-151,99,-118,133,-141,156,-174,-151
1990000.0,P65,-84,127,-100,136,-123,145,-175,-134
1990000.0,P66,-71,134,-150,120,-124,146,175,-160
1990000.0,P67,-138,129,-133,162,-109,146,174,-116
1990000.0,P68,-76,109,-124,139,-127,145,-169,165
1990000.0,P69,-83,102,-79,120,-104,79,-94,177
1990000.0,P70,-71,133,-122,103,-90,152,-131,147
1990000.0,P71,-146,164,-178,40,-106,160,-144,122
1990000.0,P72,-101,110,-88,72,-74,104,-121,-177
1990000.0,P73,-97,104,-68,93,-90,143,-120,-165
1990000.0,P74,-83,100,-106,112,-125,145,-143,162
1990000.0,P75,-133,138,-107,127,-112,153,-169,-160
1990000.0,P76,-51,88,-72,100,-79,115,171,-109
1990000.0,P77,-131,140,-141,141,-143,-28,157,-145
1990000.0,P78,-90,119,-105,98,-109,115,-135,165
1990000.0,P79,-71,92,-80,148,-128,128,-157,-175
1991000.0,P0,-70,156,-143,74,-72,87,-176,-136
1991000.0,P1,-125,120,-87,96,-79,72,-141,-144
1991000.0,P2,-141,124,-90,131,-118,128,-162,-161
1991000.0,P3,-99,138,-148,107,-108,136,157,-129
1991000.0,P4,-74,150,-165,107,-107,152,-154,-175
1991000.0,P5,-76,141,-147,126,-108,130,-169,-149
1991000.0,P6,-139,147,-142,82,-78,152,-170,-149
1991000.0,P7,-71,115,-94,110,-109,150,-103,174
1991000.0,P8,-139,58,-81,102,-78,123,-167,-146
1991000.0,P9,-150,144,-106,127,-114,161,171,-141
1991000.0,P10,-113,87,-86,125,-126,128,-171,-159
1991000.0,P11,-118,156,-115,107,-81,110,-165,-128
1991000.0,P12,-125,148,-140,118,-88,84,-169,-140
1991000.0,P13,-116,144,-149,91,-100,133,-135,175
1991000.0,P14,-162,137,-117,132,-123,114,-146,176
1991000.0,P15,-145,112,-89,85,-73,131,-168,-150
1991000.0,P16,-122,156,-149,128,-124,129,-122,152
1991000.0,P17,-74,129,-111,141,-133,147,-145,170
1991000.0,P18,-98,154,-150,92,-79,135,-155,-150
1991000.0,P19,-77,140,-124,126,-137,29,-150,160
1991000.0,P20,-151,55,-72,114,-116,137,-172,-167
1991000.0,P21,-138,124,-120,160,-123,140,176,-144
1991000.0,P22,-56,86,-71,110,-114,112,-163,-149
1991000.0,P23,-93,126,-146,135,-111,133,161,-142
1991000.0,P24,-72,118,-127,137,-111,167,-170,-139
1991000.0,P25,-79,138,-127,93,-87,78,-156,-146
1991000.0,P26,-66,114,-112,123,-109,123,-154,-163
1991000.0,P27,-80,132,-113,93,-90,115,-177,-156
1991000.0,P28,-151,136,-127,129,-113,105,157,-156
1991000.0,P29,-94,164,-146,122,-109,130,-161,-157
1991000.0,P30,-135,152,-128,115,-126,137,-147,-170
1991000.0,P31,-96,132,-95,111,-85,126,-143,-165
1991000.0,P32,-140,154,-89,122,-79,-25,177,-123
1991000.0,P33,-113,98,-86,125,-125,128,-115,-171
1991000.0,P34,-76,154,-135,92,-75,135,-117,150
1991000.0,P35,-94,143,-122,139,-131,113,-157,-160
1991000.0,P36,-112,134,-157,134,-122,132,168,-161
1991000.0,P37,-110,137,-107,87,-64,133,-152,-152
1991000.0,P38,-141,141,-132,124,-119,167,-162,-159
1991000.0,P39,-70,125,-113,82,-84,80,-169,-159
1991000.0,P40,-133,109,-115,81,-65,118,-171,-150
1991000.0,P41,-101,111,-131,121,-107,140,169,-153
1991000.0,P42,-117,114,-108,110,-98,86,-166,-156
1991000.0,P43,-81,128,-117,109,-87,96,-132,148
1991000.0,P44,-131,138,-133,125,-107,88,-176,-163
1991000.0,P45,-86,114,-114,124,-88,142,-168,-132
1991000.0,P46,-68,119,-157,139,-113,173,-152,-158
1991000.0,P47,-128,112,-76,77,-69,119,-149,-139
1991000.0,P48,-86,113,-148,133,-129,160,164,-156
1991000.0,P49,-136,129,-123,138,-125,132,-174,-127
1991000.0,P50,-135,132,-102,128,-111,169,-168,-158
1991000.0,P51,-160,119,-136,139,-134,108,155,-160
1991000.0,P52,-134,145,-102,150,-141,64,-172,-166
1991000.0,P53,-56,127,-121,114,-114,124,-158,-157
1991000.0,P54,-87,154,-170,133,-59,134,178,-106
1991000.0,P55,-65,125,-153,130,-132,108,171,-171
1991000.0,P56,-78,135,-151,99,-87,131,-161,-146
1991000.0,P57,-124,109,-102,143,-136,133,-164,-161
1991000.0,P58,-112,132,-114,106,-106,120,-136,-168
1991000.0,P59,-145,122,-120,90,-80,123,-164,-146
1991000.0,P60,-94,122,-101,119,-131,107,-133,170
1991000.0,P61,-48,-42,-129,61,-103,-1,0,159
1991000.0,P62,-132,122,-113,96,-74,-29,-143,-177
1991000.0,P63,-64,131,-130,136,-134,137,-148,173
1991000.0,P64,-90,138,-134,117,-90,103,-177,-132
1991000.0,P65,-68,103,-87,122,-114,143,-171,-142
1991000.0,P66,-87,115,-130,128,-118,128,-176,-176
1991000.0,P67,-108,154,-151,112,-95,123,-156,-154
1991000.0,P68,-105,109,-139,151,-126,125,-161,175
1991000.0,P69,-105,112,-92,88,-81,100,-141,142
1991000.0,P70,-104,119,-115,99,-94,70,-151,-169
1991000.0,P71,-119,136,-150,32,-96,141,173,128
1991000.0,P72,-82,141,-122,108,-119,142,-128,175
1991000.0,P73,-63,114,-88,110,-105,88,-146,-170
1991000.0,P74,-147,92,-102,146,-138,141,-170,-158
1991000.0,P75,-108,120,-106,111,-114,130,-135,-178
1991000.0,P76,-129,108,-82,92,-57,117,-165,-130
1991000.0,P77,-128,130,-91,142,-127,143,-148,-159
1991000.0,P78,-118,154,-149,119,-131,121,-161,-172
1991000.0,P79,-146,124,-122,151,-138,137,-177,-140
1992000.0,P0,-48,111,-107,112,-113,72,-170,-170
1992000.0,P1,-129,150,-119,126,-120,122,-149,-168
1992000.0,P2,-78,137,-127,121,-114,101,-166,-145
1992000.0,P3,-84,139,-135,107,-82,87,-173,-125
1992000.0,P4,-108,124,-92,120,-126,119,-140,174
1992000.0,P5,-93,134,-115,83,-99,116,-142,-176
1992000.0,P6,-104,140,-110,124,-132,97,-156,-156
1992000.0,P7,-68,119,-112,79,-75,-40,-138,-156
1992000.0,P8,-114,88,-110,115,-86,118,-161,-164
1992000.0,P9,-130,133,-108,104,-89,107,-136,-161
1992000.0,P10,-67,137,-128,78,-80,81,177,-115
1992000.0,P11,-83,150,-123,130,-114,87,-164,-168
1992000.0,P12,-129,146,-129,109,-108,147,-137,-156
1992000.0,P13,-82,121,-110,69,-77,124,-137,141
1992000.0,P14,-61,144,-132,139,-110,132,-162,-155
1992000.0,P15,-75,129,-142,97,-86,112,-130,135
1992000.0,P16,-134,132,-113,83,-97,112,-152,174
1992000.0,P17,-123,148,-128,97,-106,109,-151,170
1992000.0,P18,-76,96,-94,96,-90,123,-137,-161
1992000.0,P19,-165,104,-76,145,-127,111,-119,-171
1992000.0,P20,-118,144,-114,104,-110,137,-157,-154
1992000.0,P21,-85,146,-133,140,-125,124,-179,-156
1992000.0,P22,-149,136,-124,97,-73,144,-146,-161
1992000.0,P23,-124,169,-156,109,-112,139,-164,-165
1992000.0,P24,-142,87,-76,150,-141,127,-161,-162
1992000.0,P25,-129,145,-116,118,-132,44,-159,176
1992000.0,P26,-64,137,-148,91,-72,125,173,-153
1992000.0,P27,-133,96,-97,114,-95,89,-149,-155
1992000.0,P28,-107,128,-120,79,-75,116,-170,-129
1992000.0,P29,-73,143,-164,145,-122,147,-163,-150
1992000.0,P30,-174,167,-94,134,-123,155,-164,-149
1992000.0,P31,-117,120,-90,111,-103,99,-148,-146
1992000.0,P32,-91,134,-85,163,-143,98,-155,-151
1992000.0,P33,-65,113,-95,110,-126,146,-137,-173
1992000.0,P34,-84,112,-105,165,-143,127,175,-135
1992000.0,P35,-134,150,-125,114,-101,117,-167,-144
1992000.0,P36,-104,126,-114,122,-127,118,-171,-174
1992000.0,P37,-107,164,-136,115,-130,126,-148,170
1992000.0,P38,-75,97,-78,75,-77,128,-149,-158
1992000.0,P39,-127,141,-124,91,-87,88,-165,-156
1992000.0,P40,-114,93,-69,132,-123,101,166,-143
1992000.0,P41,-87,101,-111,112,-94,7,179,-153
1992000.0,P42,-89,91,-80,124,-94,95,-153,-153
1992000.0,P43,-139,134,-134,82,-70,-43,-171,-141
1992000.0,P44,-91,123,-94,87,-70,131,-142,-144
1992000.0,P45,-105,96,-91,126,-112,98,-173,-169
1992000.0,P46,-75,121,-147,149,-132,122,172,-179
1992000.0,P47,-47,122,-127,122,-117,113,-172,-155
1992000.0,P48,-112,87,-98,102,-72,-34,-167,-156
1992000.0,P49,-89,135,-117,98,-89,114,-143,-170
1992000.0,P50,-85,141,-132,103,-95,131,-162,-163
1992000.0,P51,-100,138,-142,109,-86,120,-174,-147
1992000.0,P52,-163,167,-66,133,-118,129,-151,-145
1992000.0,P53,-79,133,-132,123,-132,120,-162,-162
1992000.0,P54,-83,141,-131,78,-88,134,179,-116
1992000.0,P55,-84,125,-134,108,-60,-32,178,-123
1992000.0,P56,-82,130,-135,109,-94,141,-172,-156
1992000.0,P57,-99,156,-157,134,-115,128,-171,-149
1992000.0,P58,-141,147,-134,143,-141,155,-146,170
1992000.0,P59,-108,127,-86,141,-132,103,-115,175
1992000.0,P60,-81,127,-139,113,-97,119,-176,-145
1992000.0,P61,-74,-6,-134,124,-94,119,-27,-123
1992000.0,P62,-129,95,-92,110,-106,115,179,-165
1992000.0,P63,-65,141,-140,123,-100,144,-141,176
1992000.0,P64,-74,113,-107,73,-77,142,-158,-140
1992000.0,P65,-155,108,-108,144,-104,100,-174,-136
1992000.0,P66,-62,133,-141,120,-105,140,-173,-162
1992000.0,P67,-62,133,-135,94,-120,-173,-167,-171
1992000.0,P68,-125,111,-117,114,-95,135,171,-139
1992000.0,P69,-86,73,-61,99,-91,55,-110,-178
1992000.0,P70,-92,150,-143,146,-153,103,-154,-174
1992000.0,P71,-62,133,-160,88,-71,120,171,-144
1992000.0,P72,-136,141,-128,135,-132,123,-160,-156
1992000.0,P73,-122,130,-118,86,-87,97,-167,-167
1992000.0,P74,-114,129,-93,122,-121,119,-172,-169
1992000.0,P75,-154,103,-81,129,-139,134,-128,-177
1992000.0,P76,-89,130,-121,108,-59,126,-140,-130
1992000.0,P77,-147,125,-96,125,-134,117,-120,-179
1992000.0,P78,-110,106,-92,125,-127,146,-168,-177
1992000.0,P79,-141,138,-134,103,-97,124,-170,-154
1993000.0,P0,-76,121,-89,108,-113,113,-170,-154
1993000.0,P1,-74,134,-122,106,-99,120,-128,164
1993000.0,P2,-134,155,-121,138,-135,124,-159,-149
1993000.0,P3,-73,120,-128,114,-107,118,-178,-162
1993000.0,P4,-119,152,-153,113,-117,115,-167,-165
1993000.0,P5,-90,93,-95,143,-132,128,-165,-156
1993000.0,P6,-108,144,-133,137,-138,155,-163,-157
1993000.0,P7,-76,120,-96,101,-77,141,178,-111
1993000.0,P8,-173,59,-63,136,-132,150,-165,-162
1993000.0,P9,-67,158,-146,114,-85,117,-146,-158
1993000.0,P10,-61,94,-119,107,-97,130,-173,177
1993000.0,P11,-129,146,-144,82,-74,121,-173,-160
1993000.0,P12,-135,128,-130,124,-133,138,-171,-156
1993000.0,P13,-87,94,-78,110,-119,135,-116,174
1993000.0,P14,-131,131,-115,122,-84,140,-160,-124
1993000.0,P15,-97,140,-127,115,-120,133,-115,122
1993000.0,P16,-84,133,-115,95,-99,115,-162,-119
1993000.0,P17,-159,127,-131,139,-122,113,177,-168
1993000.0,P18,-119,140,-122,94,-104,151,-156,-160
1993000.0,P19,-158,112,-106,125,-119,124,-162,-151
1993000.0,P20,-121,133,-116,107,-84,113,-173,-148
1993000.0,P21,-133,110,-116,137,-107,144,177,-128
1993000.0,P22,-105,151,-126,109,-99,143,-166,-154
1993000.0,P23,-137,122,-149,140,-122,143,167,-163
1993000.0,P24,-135,131,-127,147,-117,116,-162,-144
1993000.0,P25,-127,148,-129,133,-117,125,-166,-144
1993000.0,P26,-74,117,-107,87,-80,124,-146,-143
1993000.0,P27,-140,119,-85,110,-104,103,-147,-155
1993000.0,P28,-82,73,-78,134,-123,144,-152,-173
1993000.0,P29,-71,141,-128,120,-113,115,-156,-155
1993000.0,P30,-126,129,-99,151,-141,131,-174,-145
1993000.0,P31,-149,111,-98,121,-132,122,178,-152
1993000.0,P32,-138,147,-100,149,-151,118,-127,-170
1993000.0,P33,-92,107,-93,87,-72,135,-153,-148
1993000.0,P34,-108,123,-79,87,-80,129,-139,-164
1993000.0,P35,-100,129,-122,104,-91,98,-160,-133
1993000.0,P36,-109,122,-136,140,-129,134,170,-169
1993000.0,P37,-86,117,-104,112,-114,144,-162,-149
1993000.0,P38,-73,114,-96,130,-123,131,178,-162
1993000.0,P39,-153,138,-108,117,-95,151,-162,-142
1993000.0,P40,-125,103,-83,127,-129,135,-133,-173
1993000.0,P41,-115,113,-130,128,-112,147,-170,-163
1993000.0,P42,-92,117,-126,144,-155,120,-135,-177
1993000.0,P43,-105,110,-96,105,-105,131,-170,-132
1993000.0,P44,-82,147,-140,55,-57,-22,-166,-121
1993000.0,P45,-74,158,-158,139,-127,113,-158,-161
1993000.0,P46,-80,157,-160,128,-118,132,-144,159
1993000.0,P47,-104,128,-110,126,-124,105,-142,-172
1993000.0,P48,-90,123,-146,117,-136,132,169,-168
1993000.0,P49,-99,121,-108,96,-94,113,-143,-161
1993000.0,P50,-145,95,-88,85,-91,124,-160,-156
1993000.0,P51,-59,138,-157,129,-132,121,171,-172
1993000.0,P52,-167,165,-68,138,-125,131,-143,-162
1993000.0,P53,-94,145,-127,113,-128,96,172,-129
1993000.0,P54,-89,147,-128,125,-115,143,-145,177
1993000.0,P55,-109,133,-139,113,-100,129,177,-169
1993000.0,P56,-72,113,-109,88,-84,78,-134,160
1993000.0,P57,-157,151,-153,134,-116,152,-148,-169
1993000.0,P58,-140,141,-126,117,-129,164,-167,-154
1993000.0,P59,-139,96,-91,120,-115,138,-148,-163
1993000.0,P60,-70,91,-77,127,-126,166,-139,-172
1993000.0,P61,-103,5,-154,137,-65,162,0,-102
1993000.0,P62,-147,89,-98,142,-137,158,-161,-166
1993000.0,P63,-69,124,-112,48,-66,135,-152,147
1993000.0,P64,-151,153,-133,141,-122,146,-174,-132
1993000.0,P65,-152,129,-124,159,-130,126,-171,-127
1993000.0,P66,-81,96,-116,138,-129,124,169,-157
1993000.0,P67,-159,76,-73,141,-141,128,-166,-157
1993000.0,P68,-113,146,-168,132,-94,121,-170,-175
1993000.0,P69,-140,126,-107,129,-102,118,-172,-144
1993000.0,P70,-150,110,-79,107,-93,95,-171,-147
1993000.0,P71,-139,107,-105,124,-100,124,-172,161
1993000.0,P72,-110,116,-101,151,-137,123,-156,-154
1993000.0,P73,-80,135,-109,112,-114,134,-178,-145
1993000.0,P74,-79,98,-90,155,-150,124,-145,-178
1993000.0,P75,-90,149,-133,83,-80,88,-145,148
1993000.0,P76,-111,76,-90,107,-100,132,-112,-154
1993000.0,P77,-144,169,-158,117,-103,160,-169,-155
1993000.0,P78,-73,94,-94,136,-138,136,-155,-173
1993000.0,P79,-160,77,-71,150,-132,124,-160,-152
1994000.0,P0,-128,154,-130,127,-109,88,-174,-152
1994000.0,P1,-157,111,-79,133,-135,137,176,-143
1994000.0,P2,-129,113,-75,124,-122,91,-129,-176
1994000.0,P3,-73,131,-147,124,-94,-5,-177,-159
1994000.0,P4,-65,139,-143,118,-119,125,-141,151
1994000.0,P5,-83,98,-90,115,-120,127,-151,-157
1994000.0,P6,-140,102,-81,74,-73,114,-168,-151
1994000.0,P7,-134,132,-89,131,-135,153,-143,-163
1994000.0,P8,-132,138,-141,115,-102,151,-166,-160
1994000.0,P9,-90,129,-136,121,-115,107,-174,-159
1994000.0,P10,-106,106,-107,141,-123,140,-163,-176
1994000.0,P11,-75,126,-129,124,-86,-35,179,-132
1994000.0,P12,-129,147,-127,114,-113,133,-166,-167
1994000.0,P13,-108,136,-132,101,-101,140,-142,-163
1994000.0,P14,-82,109,-123,129,-124,137,-175,-160
1994000.0,P15,-72,137,-102,119,-114,114,-169,-166
1994000.0,P16,-60,136,-134,120,-112,113,-169,-148
1994000.0,P17,-145,145,-122,131,-100,116,177,-144
1994000.0,P18,-148,131,-137,126,-127,128,-168,-154
1994000.0,P19,-38,118,-90,75,-96,128,-152,-135
1994000.0,P20,-93,153,-149,104,-106,107,-155,-170
1994000.0,P21,-132,116,-114,148,-120,110,-173,-141
1994000.0,P22,-86,118,-99,124,-127,110,-160,-141
1994000.0,P23,-49,116,-142,128,-124,154,161,-172
1994000.0,P24,-80,133,-142,96,-89,103,-145,163
1994000.0,P25,-161,155,-132,99,-111,117,-166,-164
1994000.0,P26,-138,138,-109,89,-76,-48,-160,-142
1994000.0,P27,-95,106,-93,135,-144,118,-158,-169
1994000.0,P28,-119,137,-132,91,-91,123,-167,-162
1994000.0,P29,-58,138,-119,107,-99,102,-121,163
1994000.0,P30,-106,120,-95,124,-124,136,-165,-163
1994000.0,P31,-100,147,-144,121,-115,142,-167,-156
1994000.0,P32,-162,153,-138,153,-146,142,141,-152
1994000.0,P33,-74,90,-94,134,-121,111,-163,-166
1994000.0,P34,-123,143,-136,113,-96,105,-169,-159
1994000.0,P35,-116,138,-117,151,-142,126,-143,-175
1994000.0,P36,-115,114,-145,127,-115,126,167,-179
1994000.0,P37,-105,150,-123,109,-130,8,-147,-159
1994000.0,P38,-81,101,-91,94,-89,-29,-117,-178
1994000.0,P39,-142,125,-111,100,-98,122,-136,177
1994000.0,P40,-86,121,-132,134,-121,148,165,-128
1994000.0,P41,-84,135,-140,87,-76,89,177,-160
1994000.0,P42,-69,140,-149,103,-106,118,-169,-151
1994000.0,P43,-163,99,-97,105,-96,-20,-158,-163
1994000.0,P44,-88,158,-134,112,-122,145,-168,-155
1994000.0,P45,-99,104,-102,146,-138,134,-159,-156
1994000.0,P46,-89,118,-141,144,-137,127,176,-154
1994000.0,P47,-125,105,-93,133,-138,119,-168,-177
1994000.0,P48,-132,121,-130,126,-131,115,162,-172
1994000.0,P49,-56,139,-118,91,-95,120,-167,-155
1994000.0,P50,-147,136,-127,120,-124,125,-168,-159
1994000.0,P51,-79,123,-149,144,-151,85,159,-172
1994000.0,P52,-166,149,-89,134,-75,-26,-123,-133
1994000.0,P53,-78,114,-103,127,-114,93,-158,-155
1994000.0,P54,-96,156,-138,90,-94,122,-142,179
1994000.0,P55,-88,132,-143,141,-138,147,169,-164
1994000.0,P56,-125,136,-145,144,-111,139,-174,-141
1994000.0,P57,-87,135,-119,156,-144,128,-170,-139
1994000.0,P58,-135,171,-146,120,-146,115,-169,-146
1994000.0,P59,-108,148,-122,88,-97,118,-141,179
1994000.0,P60,-85,152,-131,79,-89,81,-170,-161
1994000.0,P61,-64,-27,-57,-32,-124,12,107,14
1994000.0,P62,-78,115,-83,87,-94,119,-150,-171
1994000.0,P63,-120,144,-99,127,-136,114,-95,159
1994000.0,P64,-103,138,-156,114,-69,-34,179,-120
1994000.0,P65,-148,98,-73,141,-137,151,-136,-162
1994000.0,P66,-74,158,-157,134,-133,118,-168,-161
1994000.0,P67,-131,153,-130,114,-116,132,-167,-169
1994000.0,P68,-74,128,-143,144,-131,154,-172,169
1994000.0,P69,-49,117,-114,100,-102,123,-140,-153
1994000.0,P70,-80,123,-107,113,-107,124,-143,-171
1994000.0,P71,-125,151,-138,102,-133,121,-151,163
1994000.0,P72,-105,125,-129,100,-79,154,-170,-147
1994000.0,P73,-89,101,-99,116,-110,141,-159,-154
1994000.0,P74,178,67,-97,122,-99,133,168,-146
1994000.0,P75,-134,131,-109,134,-121,128,-179,-143
1994000.0,P76,-67,134,-111,83,-68,107,-170,-108
1994000.0,P77,-84,85,-71,112,-92,102,-142,-168
1994000.0,P78,-66,100,-128,149,-128,132,-168,179
1994000.0,P79,-134,84,-84,114,-120,146,-177,-146
1995000.0,P0,-130,58,-72,116,-114,110,-172,-162
1995000.0,P1,-126,162,-144,143,-143,113,171,-145
1995000.0,P2,-91,146,-131,126,-97,136,-143,177
1995000.0,P3,-84,105,-113,125,-111,123,-145,-173
1995000.0,P4,-128,118,-103,114,-100,130,-151,-159
1995000.0,P5,-84,157,-144,115,-134,110,-158,-164
1995000.0,P6,-90,94,-68,102,-106,149,-86,173
1995000.0,P7,-86,143,-129,96,-95,112,178,-121
1995000.0,P8,-142,127,-145,129,-106,104,179,-151
1995000.0,P9,-80,125,-116,141,-143,108,-151,-175
1995000.0,P10,-145,133,-111,139,-126,130,-152,175
1995000.0,P11,-118,151,-123,97,-85,93,-142,-179
1995000.0,P12,-133,150,-129,118,-110,122,-167,-146
1995000.0,P13,-150,132,-115,70,-85,127,-149,-177
1995000.0,P14,-80,158,-155,119,-59,-21,-162,-163
1995000.0,P15,-88,169,-147,100,-108,117,-140,-173
1995000.0,P16,-75,135,-148,114,-127,139,-160,175
1995000.0,P17,-148,111,-109,114,-103,125,-159,-164
1995000.0,P18,-96,112,-82,118,-110,91,-141,166
1995000.0,P19,-134,127,-86,116,-99,117,-142,-130
1995000.0,P20,-80,128,-103,120,-115,112,-160,-152
1995000.0,P21,-160,78,-101,152,-130,134,179,-145
1995000.0,P22,-126,156,-144,83,-70,138,-144,-175
1995000.0,P23,-153,107,-117,129,-132,125,-173,-179
1995000.0,P24,-71,120,-138,138,-128,114,-141,166
1995000.0,P25,-91,149,-148,84,-80,93,-138,173
1995000.0,P26,-148,115,-101,91,-82,117,179,-139
1995000.0,P27,-149,159,-135,75,-74,136,-163,-160
1995000.0,P28,-78,115,-131,126,-91,130,-177,-146
1995000.0,P29,-77,96,-75,91,-72,105,-99,176
1995000.0,P30,-76,137,-150,112,-91,124,-169,-140
1995000.0,P31,-127,137,-125,92,-94,132,-138,-164
1995000.0,P32,-70,108,-90,88,-78,131,-105,168
1995000.0,P33,-133,149,-133,114,-85,77,177,-144
1995000.0,P34,-53,105,-92,104,-90,107,-157,-153
1995000.0,P35,-106,93,-75,129,-128,104,-140,-175
1995000.0,P36,-124,129,-137,146,-133,110,-159,178
1995000.0,P37,-84,123,-89,102,-97,103,-169,-136
1995000.0,P38,-81,142,-99,136,-119,115,-171,-151
1995000.0,P39,-122,146,-119,114,-102,98,-161,-140
1995000.0,P40,-149,96,-102,145,-123,141,-172,-142
1995000.0,P41,-70,155,-154,113,-108,137,-173,-154
1995000.0,P42,-126,92,-65,94,-107,141,-89,170
1995000.0,P43,-100,137,-94,118,-129,117,-133,175
1995000.0,P44,-93,143,-145,106,-78,117,-153,-144
1995000.0,P45,-78,117,-118,150,-153,102,-174,-144
1995000.0,P46,-146,116,-118,72,-84,109,-144,164
1995000.0,P47,-72,128,-100,89,-73,111,-133,-152
1995000.0,P48,-67,125,-122,80,-98,113,-171,-174
1995000.0,P49,-71,105,-102,94,-91,121,-130,171
1995000.0,P50,-69,126,-124,132,-122,108,-177,-148
1995000.0,P51,-76,121,-142,150,-142,98,179,-168
1995000.0,P52,-150,167,-72,150,-120,159,-154,-155
1995000.0,P53,-101,77,-84,108,-60,-13,-168,-127
1995000.0,P54,-68,110,-132,120,-94,146,178,-159
1995000.0,P55,-94,142,-155,91,-85,109,-174,-152
1995000.0,P56,-71,87,-75,114,-128,160,178,-146
1995000.0,P57,-91,113,-113,114,-99,140,-178,-150
1995000.0,P58,-60,130,-118,111,-113,147,-164,-172
1995000.0,P59,-93,149,-124,127,-113,127,-157,-150
1995000.0,P60,-101,133,-123,134,-114,138,-165,-154
1995000.0,P61,-71,-22,-162,108,-92,-19,31,-157
1995000.0,P62,-130,102,-71,111,-116,117,-129,-167
1995000.0,P63,-122,134,-120,135,-142,105,-150,-166
1995000.0,P64,-74,134,-129,100,-91,103,-178,-137
1995000.0,P65,-157,-168,-106,133,-79,133,-150,-140
1995000.0,P66,-123,119,-123,160,-168,134,-178,-159
1995000.0,P67,-77,114,-119,119,-100,122,-175,-160
1995000.0,P68,-95,115,-142,149,-135,134,-171,-159
1995000.0,P69,-72,129,-134,110,-110,144,-170,-159
1995000.0,P70,-108,116,-96,108,-110,107,-167,-148
1995000.0,P71,-78,123,-146,151,-138,134,-157,164
1995000.0,P72,-97,134,-117,94,-83,140,-174,-158
1995000.0,P73,-71,121,-131,125,-116,130,-147,173
1995000.0,P74,-92,109,-82,132,-140,102,-150,178
1995000.0,P75,-70,140,-153,126,-131,132,-144,-177
1995000.0,P76,-82,169,-151,82,-71,134,-123,-170
1995000.0,P77,-153,135,-106,128,-132,143,153,-156
1995000.0,P78,-79,134,-133,114,-110,118,-156,177
1995000.0,P79,-111,104,-98,137,-131,121,-166,-162
1996000.0,P0,-83,155,-132,94,-93,124,-156,-150
1996000.0,P1,-149,111,-88,103,-90,101,-144,-165
1996000.0,P2,-147,67,-74,102,-100,132,-170,-157
1996000.0,P3,-79,91,-92,107,-112,128,176,-140
1996000.0,P4,-106,130,-91,96,-102,107,-135,165
1996000.0,P5,-69,132,-119,80,-73,118,-151,166
1996000.0,P6,-146,142,-138,105,-109,115,-169,-170
1996000.0,P7,-100,109,-103,97,-92,80,-162,-141
1996000.0,P8,-96,121,-112,107,-108,114,-151,-178
1996000.0,P9,-96,104,-70,137,-131,119,-165,-146
1996000.0,P10,-77,125,-107,76,-83,-45,-175,-139
1996000.0,P11,-85,117,-103,112,-93,108,-173,-140
1996000.0,P12,-69,140,-136,134,-122,131,-152,-169
1996000.0,P13,-130,128,-99,112,-110,107,-133,154
1996000.0,P14,-161,150,-113,146,-97,129,-149,-158
1996000.0,P15,-138,93,-74,120,-114,119,-162,-148
1996000.0,P16,-125,108,-89,91,-82,143,179,-151
1996000.0,P17,-136,134,-118,111,-92,96,-162,-127
1996000.0,P18,-123,151,-149,116,-128,133,-151,-162
1996000.0,P19,-129,140,-120,100,-81,139,-151,-131
1996000.0,P20,-139,148,-138,119,-119,139,-155,-167
1996000.0,P21,-82,130,-140,105,-109,136,-154,-171
1996000.0,P22,-117,152,-132,108,-116,119,-173,-160
1996000.0,P23,-162,67,-61,135,-103,150,164,-145
1996000.0,P24,-141,107,-114,131,-129,134,-168,-169
1996000.0,P25,-55,129,-120,118,-120,119,-163,-166
1996000.0,P26,-118,144,-145,114,-105,123,-175,-140
1996000.0,P27,-96,124,-87,103,-90,126,-150,-149
1996000.0,P28,-57,123,-139,125,-121,86,-174,-154
1996000.0,P29,-84,148,-126,124,-112,114,-160,-146
1996000.0,P30,-115,108,-96,135,-119,137,-174,-141
1996000.0,P31,-110,95,-84,117,-119,122,-146,-157
1996000.0,P32,-122,148,-109,138,-127,125,165,-153
1996000.0,P33,-101,89,-73,101,-108,135,-139,-164
1996000.0,P34,-108,160,-134,111,-94,117,-169,-140
1996000.0,P35,-135,140,-114,115,-112,90,-145,-162
1996000.0,P36,-71,123,-137,107,-102,99,165,-171
1996000.0,P37,-90,159,-151,101,-104,87,-154,-166
1996000.0,P38,-72,111,-106,86,-80,105,-164,-111
1996000.0,P39,-92,103,-85,100,-94,84,-149,-156
1996000.0,P40,-62,122,-118,102,-112,140,-173,-152
1996000.0,P41,-73,126,-153,110,-116,108,158,-171
1996000.0,P42,-138,125,-95,117,-97,110,160,-146
1996000.0,P43,-124,138,-99,70,-68,127,170,-94
1996000.0,P44,-128,127,-135,79,-93,120,-121,127
1996000.0,P45,-108,152,-144,128,-128,98,-169,-172
1996000.0,P46,-144,124,-157,134,-101,150,169,-133
1996000.0,P47,-142,124,-96,104,-87,140,-172,-147
1996000.0,P48,-56,140,-166,147,-127,143,-170,-176
1996000.0,P49,-135,120,-104,90,-87,104,-154,-174
1996000.0,P50,-129,127,-101,120,-114,118,-152,-156
1996000.0,P51,-115,125,-130,123,-118,119,169,-166
1996000.0,P52,-133,145,-108,139,-102,87,-119,-163
1996000.0,P53,-98,138,-130,104,-120,123,-174,-162
1996000.0,P54,-88,136,-123,128,-127,110,-175,-172
1996000.0,P55,-73,127,-154,129,-127,133,165,-169
1996000.0,P56,-110,83,-79,136,-147,126,-169,-163
1996000.0,P57,-108,164,-173,109,-143,124,-164,-171
1996000.0,P58,-95,119,-95,99,-104,120,-138,-175
1996000.0,P59,-138,109,-100,105,-86,121,-149,-159
1996000.0,P60,-73,132,-126,102,-115,109,-124,136
1996000.0,P61,-53,-27,-113,23,-152,133,-26,121
1996000.0,P62,-147,159,-146,114,-87,145,-177,-129
1996000.0,P63,-150,158,-143,122,-93,-20,-136,160
1996000.0,P64,-111,86,-77,110,-105,126,-144,-158
1996000.0,P65,-150,143,-132,143,-121,117,-156,-159
1996000.0,P66,-147,104,-103,141,-126,121,-173,-154
1996000.0,P67,-148,143,-127,154,-142,151,-172,-150
1996000.0,P68,-138,147,-154,146,-152,117,-172,-174
1996000.0,P69,-58,127,-121,101,-103,113,-161,-169
1996000.0,P70,-118,142,-120,146,-127,132,-161,-151
1996000.0,P71,-146,144,-150,23,-62,128,166,-161
1996000.0,P72,-107,139,-126,101,-111,149,-146,174
1996000.0,P73,-67,147,-143,82,-81,129,-138,132
1996000.0,P74,-91,109,-112,136,-125,116,168,-126
1996000.0,P75,-121,107,-89,97,-77,102,-161,-157
1996000.0,P76,-134,129,-124,111,-108,117,-154,-149
1996000.0,P77,-143,151,-114,120,-109,-22,157,-113
1996000.0,P78,-65,148,-128,109,-103,116,-151,169
1996000.0,P79,-99,123,-119,115,-111,113,-164,-173
1997000.0,P0,-76,131,-137,143,-134,140,-172,-150
1997000.0,P1,-110,145,-125,153,-162,124,-145,177
1997000.0,P2,-77,139,-117,100,-83,-49,-156,-149
1997000.0,P3,-82,144,-145,114,-112,136,-171,-173
1997000.0,P4,-133,110,-128,143,-131,126,-157,-167
1997000.0,P5,-86,94,-90,142,-139,135,-162,-149
1997000.0,P6,-84,161,-139,108,-81,112,-147,-151
1997000.0,P7,-123,150,-132,107,-112,101,-160,173
1997000.0,P8,-167,136,-136,139,-130,124,-159,-155
1997000.0,P9,-65,135,-162,129,-131,93,160,178
1997000.0,P10,-79,108,-91,127,-114,109,156,-174
1997000.0,P11,-85,123,-96,99,-91,112,-109,-174
1997000.0,P12,-122,115,-88,79,-73,130,-165,-150
1997000.0,P13,-127,110,-87,123,-125,145,-155,-147
1997000.0,P14,-150,147,-169,159,-135,129,-174,163
1997000.0,P15,-100,105,-91,118,-117,120,-159,-166
1997000.0,P16,-144,121,-121,106,-104,116,-154,-158
1997000.0,P17,-74,110,-93,100,-92,143,-158,-154
1997000.0,P18,-124,109,-65,133,-118,113,-142,-169
1997000.0,P19,-103,149,-171,154,-90,-27,-146,-154
1997000.0,P20,-100,133,-123,90,-90,90,-139,179
1997000.0,P21,-103,104,-101,140,-124,143,-171,-144
1997000.0,P22,-92,119,-96,146,-136,133,179,-145
1997000.0,P23,-109,125,-142,127,-130,104,159,-175
1997000.0,P24,-65,122,-117,126,-102,123,-164,-147
1997000.0,P25,-139,154,-135,97,-88,115,175,-119
1997000.0,P26,-99,156,-148,68,-71,117,-173,-130
1997000.0,P27,-69,128,-111,117,-122,116,-145,-171
1997000.0,P28,-90,126,-137,133,-130,100,-171,-160
1997000.0,P29,-148,86,-62,136,-122,116,-155,-149
1997000.0,P30,-118,140,-137,123,-123,124,-169,-160
1997000.0,P31,-134,143,-122,84,-73,131,-157,-145
1997000.0,P32,-170,158,-88,137,-123,-28,-138,-175
1997000.0,P33,-120,126,-100,98,-93,100,-179,-138
1997000.0,P34,-102,98,-104,138,-139,125,-160,-171
1997000.0,P35,-112,163,-157,103,-106,144,-155,-178
1997000.0,P36,-140,125,-140,108,-109,119,169,179
1997000.0,P37,-67,152,-127,103,-85,112,-161,-137
1997000.0,P38,-122,154,-131,137,-125,93,-158,-162
1997000.0,P39,-116,110,-73,92,-94,141,-125,-169
1997000.0,P40,-93,126,-116,71,-83,125,-161,-156
1997000.0,P41,-120,75,-70,113,-119,123,-162,-166
1997000.0,P42,-76,126,-104,94,-106,126,-145,171
1997000.0,P43,-151,135,-106,101,-89,142,-152,-164
1997000.0,P44,-90,141,-120,78,-91,162,-160,-175
1997000.0,P45,-84,144,-145,137,-127,139,-160,-155
1997000.0,P46,-128,159,-155,121,-114,157,-175,-157
1997000.0,P47,-89,147,-138,99,-90,127,-147,-152
1997000.0,P48,-81,125,-142,149,-134,145,165,-159
1997000.0,P49,-74,151,-134,121,-100,133,-176,-144
1997000.0,P50,-97,135,-133,126,-116,113,-177,-141
1997000.0,P51,-145,114,-130,128,-123,135,166,-155
1997000.0,P52,-157,127,-88,126,-93,130,-143,-124
1997000.0,P53,-72,146,-138,140,-131,144,-164,-150
1997000.0,P54,-125,160,-147,124,-124,98,-137,150
1997000.0,P55,-80,136,-147,129,-127,90,-174,179
1997000.0,P56,-86,145,-153,123,-123,135,-151,164
1997000.0,P57,-88,134,-127,149,-143,133,-164,-166
1997000.0,P58,-138,139,-123,127,-127,130,-162,-161
1997000.0,P59,-94,141,-129,111,-99,143,-173,-160
1997000.0,P60,-94,123,-133,132,-116,120,-177,-162
1997000.0,P61,-53,-27,-115,-31,-104,32,39,50
1997000.0,P62,-133,144,-109,94,-84,-42,-161,-154
1997000.0,P63,-138,146,-131,112,-131,122,-144,170
1997000.0,P64,-129,150,-154,105,-107,140,-179,-168
1997000.0,P65,-80,148,-154,120,-66,122,-154,-149
1997000.0,P66,-88,136,-138,144,-122,149,-148,175
1997000.0,P67,-104,134,-116,160,-137,82,-153,-152
1997000.0,P68,-156,145,-155,136,-120,115,-166,175
1997000.0,P69,-69,148,-93,142,-116,141,-170,-137
1997000.0,P70,-129,161,-134,115,-107,145,-170,-156
1997000.0,P71,-113,160,-153,84,-87,120,144,-164
1997000.0,P72,-71,134,-150,124,-106,125,-141,164
1997000.0,P73,-52,127,-121,112,-108,77,-156,179
1997000.0,P74,-126,97,-97,133,-130,98,-169,-151
1997000.0,P75,-131,140,-128,91,-68,92,-165,-111
1997000.0,P76,-68,65,-69,141,-156,135,-168,-164
1997000.0,P77,-123,117,-108,105,-86,125,-122,-161
1997000.0,P78,-137,145,-116,91,-110,116,179,-134
1997000.0,P79,-80,141,-133,127,-126,132,-165,-169
1998000.0,P0,-155,130,-123,126,-134,132,-163,-141
1998000.0,P1,-158,78,-70,116,-106,138,-171,-149
1998000.0,P2,-62,142,-134,134,-118,115,-154,-168
1998000.0,P3,-57,114,-149,135,-109,111,-175,175
1998000.0,P4,-86,118,-105,130,-130,134,-155,-171
1998000.0,P5,-71,104,-107,152,-145,30,-141,170
1998000.0,P6,-99,121,-109,122,-114,98,-168,-144
1998000.0,P7,-138,145,-125,75,-66,122,-166,-133
1998000.0,P8,-105,123,-138,124,-123,133,-171,-163
1998000.0,P9,-57,80,-103,146,-120,132,139,-132
1998000.0,P10,-126,135,-101,93,-80,115,-126,-175
1998000.0,P11,-123,138,-123,95,-96,137,-176,-150
1998000.0,P12,-113,148,-139,118,-124,160,-165,-171
1998000.0,P13,-93,136,-105,109,-89,116,-179,-96
1998000.0,P14,-155,152,-153,120,-146,111,-157,159
1998000.0,P15,-114,160,-133,118,-97,81,-167,-145
1998000.0,P16,-134,122,-119,124,-114,134,169,-122
1998000.0,P17,-75,136,-136,146,-133,161,-176,-154
1998000.0,P18,-132,116,-90,119,-117,146,176,-144
1998000.0,P19,-110,118,-108,106,-129,151,-140,-165
1998000.0,P20,-125,137,-133,63,-73,134,-174,-112
1998000.0,P21,-67,156,-157,122,-64,-54,-171,-133
1998000.0,P22,-118,156,-134,137,-139,123,-151,-172
1998000.0,P23,-163,59,-86,125,-114,143,-173,-175
1998000.0,P24,-60,132,-132,149,-122,143,-164,-150
1998000.0,P25,-119,118,-95,97,-97,131,-152,-161
1998000.0,P26,-123,136,-104,82,-86,127,-141,166
1998000.0,P27,-99,146,-128,119,-115,151,-176,-144
1998000.0,P28,-87,122,-90,102,-86,108,-177,-137
1998000.0,P29,-105,157,-108,95,-79,98,-146,-151
1998000.0,P30,-148,117,-97,100,-100,129,179,-146
1998000.0,P31,-112,146,-126,90,-94,104,176,-160
1998000.0,P32,-141,173,-117,108,-60,110,171,-113
1998000.0,P33,-94,129,-134,91,-74,140,-144,-156
1998000.0,P34,-129,98,-91,130,-113,114,-162,-148
1998000.0,P35,-129,135,-119,112,-102,97,-164,-177
1998000.0,P36,-81,130,-155,151,-126,124,-167,164
1998000.0,P37,-151,72,-54,136,-139,131,-164,-165
1998000.0,P38,-109,138,-117,100,-92,131,-152,-153
1998000.0,P39,-67,129,-121,121,-120,112,-139,136
1998000.0,P40,-65,116,-124,87,-56,-44,-179,-126
1998000.0,P41,-145,110,-129,168,-158,106,-178,-175
1998000.0,P42,-151,142,-144,81,-69,120,-129,171
1998000.0,P43,-86,109,-85,116,-117,104,-162,-147
1998000.0,P44,-147,104,-101,127,-98,-29,-164,-152
1998000.0,P45,-109,139,-142,139,-121,115,-157,-153
1998000.0,P46,-130,126,-150,129,-104,145,-171,-159
1998000.0,P47,-78,109,-122,115,-104,90,-156,-166
1998000.0,P48,-74,149,-154,141,-136,139,-166,-162
1998000.0,P49,-135,129,-123,103,-88,126,-167,-142
1998000.0,P50,-111,119,-98,80,-88,141,-176,-142
1998000.0,P51,-114,137,-134,149,-128,125,-165,-164
1998000.0,P52,-170,136,-102,163,-130,129,-131,-167
1998000.0,P53,-110,125,-93,124,-116,134,-151,-163
1998000.0,P54,-83,104,-62,114,-122,142,-101,-152
1998000.0,P55,-92,116,-120,141,-129,133,-178,-168
1998000.0,P56,-75,142,-129,112,-114,172,-171,-151
1998000.0,P57,-152,148,-147,114,-83,123,-167,-137
1998000.0,P58,-80,139,-139,102,-88,118,-137,-168
1998000.0,P59,-139,119,-101,79,-75,120,-143,-174
1998000.0,P60,-97,147,-137,131,-145,142,-169,-166
1998000.0,P61,-59,-1,-117,-6,-135,-3,1,54
1998000.0,P62,-126,106,-88,129,-132,109,-163,-160
1998000.0,P63,-140,86,-67,130,-131,158,-131,-166
1998000.0,P64,-147,130,-123,132,-73,-48,-174,-124
1998000.0,P65,-166,69,-67,133,-127,156,-159,-156
1998000.0,P66,-88,116,-123,110,-103,136,-175,-171
1998000.0,P67,-52,109,-90,144,-105,139,-149,-133
1998000.0,P68,-57,112,-136,139,-126,95,-170,163
1998000.0,P69,-114,136,-115,104,-91,136,-156,-127
1998000.0,P70,-91,133,-127,103,-103,143,-136,125
1998000.0,P71,-123,154,-147,135,-66,-29,-176,-113
1998000.0,P72,-109,149,-126,104,-85,112,-179,-110
1998000.0,P73,-57,149,-160,124,-114,111,-164,-148
1998000.0,P74,-78,117,-118,131,-120,91,-140,-178
1998000.0,P75,-128,146,-141,103,-96,143,-175,-144
1998000.0,P76,-72,99,-124,121,-109,152,164,-161
1998000.0,P77,-123,151,-149,110,-96,-46,-161,-147
1998000.0,P78,-110,126,-116,108,-107,118,-178,-159
1998000.0,P79,-127,95,-94,115,-83,105,-153,-164
1999000.0,P0,-134,154,-107,88,-78,135,-161,-143
1999000.0,P1,-110,130,-109,87,-73,121,-147,131
1999000.0,P2,-98,149,-128,108,-96,118,-151,-147
1999000.0,P3,-83,111,-101,135,-135,104,-170,-168
1999000.0,P4,-94,145,-122,113,-129,148,178,-133
1999000.0,P5,-77,131,-113,125,-119,126,-166,-156
1999000.0,P6,-145,121,-125,117,-101,121,174,-137
1999000.0,P7,-104,155,-127,87,-77,134,-152,-146
1999000.0,P8,-71,102,-105,141,-130,118,-156,-165
1999000.0,P9,-68,82,-90,149,-144,99,-158,-167
1999000.0,P10,-74,133,-118,99,-97,138,-132,114
1999000.0,P11,-120,145,-114,128,-117,148,-163,-149
1999000.0,P12,-102,144,-116,140,-125,116,-144,-162
1999000.0,P13,-102,102,-98,103,-86,122,-134,-161
1999000.0,P14,-142,150,-151,106,-77,123,-155,-166
1999000.0,P15,-93,125,-87,115,-130,125,-144,165
1999000.0,P16,-94,103,-85,100,-102,115,-117,143
1999000.0,P17,-84,74,-70,128,-115,119,-157,-151
1999000.0,P18,-98,142,-101,95,-85,69,-141,-162
1999000.0,P19,-73,113,-71,135,-130,134,-144,-136
1999000.0,P20,-153,119,-96,93,-85,109,-179,-158
1999000.0,P21,-102,136,-111,113,-118,131,-130,170
1999000.0,P22,-113,87,-93,107,-113,144,-153,-162
1999000.0,P23,-138,112,-117,117,-117,94,168,-167
1999000.0,P24,-64,103,-104,95,-90,162,-176,-137
1999000.0,P25,-78,143,-145,138,-135,106,-166,-154
1999000.0,P26,-126,131,-108,118,-120,70,-162,-153
1999000.0,P27,-106,125,-101,85,-108,107,-135,156
1999000.0,P28,-126,89,-95,121,-106,140,-167,-153
1999000.0,P29,-127,95,-101,144,-129,132,-164,-148
1999000.0,P30,-97,141,-139,114,-108,116,-173,-161
1999000.0,P31,-138,132,-110,121,-113,141,-145,-161
1999000.0,P32,-138,157,-139,116,-128,138,-167,178
1999000.0,P33,-152,164,-132,61,-69,100,175,-150
1999000.0,P34,-148,114,-128,131,-114,127,-167,-172
1999000.0,P35,-160,130,-121,102,-89,117,-153,-179
1999000.0,P36,-47,100,-127,133,-126,130,167,-167
1999000.0,P37,-71,161,-156,102,-110,100,-161,-170
1999000.0,P38,-94,118,-106,101,-103,131,-152,-171
1999000.0,P39,-64,94,-71,97,-93,131,-173,-101
1999000.0,P40,-79,135,-150,110,-119,134,174,-172
1999000.0,P41,-94,84,-95,125,-129,90,-151,164
1999000.0,P42,-98,155,-130,77,-66,126,-159,-156
1999000.0,P43,-101,112,-103,128,-118,132,-149,-152
1999000.0,P44,-89,150,-124,61,-55,124,-117,162
1999000.0,P45,-121,113,-123,124,-98,111,-172,-133
1999000.0,P46,-98,152,-159,132,-110,142,-159,-155
1999000.0,P47,-86,112,-106,124,-118,133,-175,-151
1999000.0,P48,-110,123,-140,143,-125,154,170,-152
1999000.0,P49,-139,121,-117,105,-96,114,-156,-165
1999000.0,P50,-102,108,-122,134,-126,126,-178,-151
1999000.0,P51,-128,112,-130,139,-145,150,173,-160
1999000.0,P52,175,162,-67,131,-99,-38,-147,-151
1999000.0,P53,-111,124,-125,134,-127,124,-164,-155
1999000.0,P54,-120,103,-74,111,-109,148,-156,-161
1999000.0,P55,-76,142,-138,145,-147,110,-169,169
1999000.0,P56,-125,128,-146,123,-93,-57,173,-142
1999000.0,P57,-174,73,-101,140,-125,128,176,-159
1999000.0,P58,-103,126,-108,100,-97,134,-125,170
1999000.0,P59,-130,152,-147,118,-128,129,-174,-149
1999000.0,P60,-84,114,-120,114,-108,117,-168,-152
1999000.0,P61,-65,-20,-143,25,-137,32,-21,95
1999000.0,P62,-83,144,-133,122,-115,144,-169,-161
1999000.0,P63,-129,152,-137,126,-118,120,-172,-151
1999000.0,P64,-71,122,-115,115,-93,113,-149,175
1999000.0,P65,-101,129,-108,138,-120,115,-152,-149
1999000.0,P66,-93,125,-151,119,-92,106,174,-158
1999000.0,P67,-82,115,-81,122,-129,89,-141,-177
1999000.0,P68,-142,138,-137,146,-129,-29,-176,175
1999000.0,P69,-103,115,-80,112,-115,143,-159,-157
1999000.0,P70,-101,127,-99,106,-117,115,-165,-161
1999000.0,P71,-66,141,-139,118,-132,163,-152,169
1999000.0,P72,-117,133,-102,99,-106,127,-126,-170
1999000.0,P73,-130,154,-133,89,-86,136,-135,178
1999000.0,P74,-59,117,-115,132,-114,152,-167,-151
1999000.0,P75,-133,100,-92,137,-122,131,-163,-165
1999000.0,P76,-64,127,-123,137,-132,139,-175,-158
1999000.0,P77,-92,159,-139,74,-74,118,-169,-157
1999000.0,P78,-75,104,-90,78,-88,128,178,-158
1999000.0,P79,-68,127,-142,137,-111,152,169,-135
2000000.0,P0,-101,127,-97,87,-75,110,-150,-145
2000000.0,P1,-154,96,-85,135,-118,109,-137,-178
2000000.0,P2,-132,120,-94,122,-124,119,-156,-154
2000000.0,P3,-100,107,-126,141,-114,119,-178,-158
2000000.0,P4,-86,137,-114,158,-174,136,-172,-155
2000000.0,P5,-123,139,-118,89,-85,128,-170,-152
2000000.0,P6,-88,151,-136,107,-105,111,-166,-157
2000000.0,P7,-105,79,-70,135,-126,115,-144,-173
2000000.0,P8,-84,120,-102,63,-72,85,-143,-160
2000000.0,P9,-79,105,-88,86,-86,102,-111,-174
2000000.0,P10,-71,94,-105,97,-98,131,-135,143
2000000.0,P11,-106,119,-115,136,-133,126,-153,-148
2000000.0,P12,-139,149,-122,116,-113,129,-161,-165
2000000.0,P13,-127,108,-101,114,-112,131,-173,-158
2000000.0,P14,-123,151,-132,129,-81,139,-166,-139
2000000.0,P15,-128,127,-119,99,-87,106,-167,-161
2000000.0,P16,-111,103,-75,124,-123,123,-153,-174
2000000.0,P17,-102,108,-80,125,-119,117,-138,-156
2000000.0,P18,-131,115,-105,131,-125,111,-148,-156
2000000.0,P19,-96,146,-131,59,-81,171,-120,156
2000000.0,P20,-116,116,-97,117,-114,128,-143,-170
2000000.0,P21,-145,155,-148,81,-92,126,-144,130
2000000.0,P22,-84,131,-116,97,-87,96,-148,-165
2000000.0,P23,-147,96,-110,140,-142,120,175,-166
2000000.0,P24,-76,121,-113,118,-86,114,-178,-133
2000000.0,P25,-123,126,-111,142,-131,147,-161,-158
2000000.0,P26,-123,100,-85,124,-117,122,-112,-165
2000000.0,P27,-138,148,-132,123,-109,135,179,-149
2000000.0,P28,-103,137,-140,133,-149,140,-162,-178
2000000.0,P29,-80,113,-87,131,-116,135,-155,-152
2000000.0,P30,-117,134,-122,107,-84,113,174,-144
2000000.0,P31,-129,122,-102,159,-147,100,-148,-171
2000000.0,P32,-76,121,-98,126,-109,134,-140,-165
2000000.0,P33,-87,114,-109,108,-85,87,-140,-163
2000000.0,P34,-134,137,-99,102,-97,97,-159,-151
2000000.0,P35,-99,109,-84,143,-147,129,-128,-172
2000000.0,P36,-113,132,-144,128,-124,133,177,178
2000000.0,P37,-70,141,-134,100,-95,108,-144,165
2000000.0,P38,-63,133,-104,145,-148,134,-129,-178
2000000.0,P39,-81,123,-102,114,-116,142,-149,-165
2000000.0,P40,-100,130,-110,111,-121,136,-136,-165
2000000.0,P41,-122,131,-131,150,-143,103,-176,-163
2000000.0,P42,-133,144,-123,146,-138,114,-170,-160
2000000.0,P43,-99,129,-112,90,-101,128,175,-130
2000000.0,P44,-73,162,-153,89,-68,-28,-141,-164
2000000.0,P45,-70,135,-135,148,-111,143,-164,-150
2000000.0,P46,-81,89,-128,153,-146,136,165,-176
2000000.0,P47,-110,113,-86,129,-130,128,-158,-155
2000000.0,P48,-86,134,-147,135,-129,88,166,-170
2000000.0,P49,-80,143,-133,104,-107,109,-156,-166
2000000.0,P50,-69,150,-139,107,-99,109,-147,-156
2000000.0,P51,-90,141,-164,131,-136,128,159,-167
2000000.0,P52,-147,138,-53,139,-120,-6,-135,-163
2000000.0,P53,-63,107,-98,123,-122,150,-155,-153
2000000.0,P54,-66,114,-125,119,-134,133,-174,-157
2000000.0,P55,-71,141,-164,119,-110,147,169,-157
2000000.0,P56,-97,119,-121,138,-119,122,-177,-154
2000000.0,P57,-91,145,-134,133,-114,132,-161,-152
2000000.0,P58,-140,137,-122,76,-78,109,167,-108
2000000.0,P59,-128,119,-86,141,-135,-62,-139,-177
2000000.0,P60,-117,135,-129,89,-89,128,176,-129
2000000.0,P61,-81,-53,-79,-39,-84,10,66,21
2000000.0,P62,-126,140,-132,115,-112,139,-161,-167
2000000.0,P63,-144,159,-152,86,-106,102,-157,171
2000000.0,P64,-127,107,-87,130,-135,138,-155,-169
2000000.0,P65,-126,131,-108,124,-91,132,-165,-128
2000000.0,P66,-178,94,-113,124,-91,117,-163,-149
2000000.0,P67,-160,160,-125,136,-127,150,-146,-162
2000000.0,P68,-122,128,-131,161,-140,122,-155,172
2000000.0,P69,-117,115,-109,106,-114,97,-143,159
2000000.0,P70,-123,141,-126,89,-88,116,-126,131
2000000.0,P71,-81,109,-126,128,-136,138,179,167
2000000.0,P72,-153,116,-104,115,-120,126,-155,-176
2000000.0,P73,-132,124,-95,104,-105,131,-152,-172
2000000.0,P74,-136,92,-75,131,-129,116,176,-165
2000000.0,P75,-147,149,-135,70,-85,103,-160,-106
2000000.0,P76,-89,119,-108,98,-98,122,-139,170
2000000.0,P77,-142,105,-95,143,-140,130,-133,-179
2000000.0,P78,-127,129,-112,119,-108,130,-175,-141
2000000.0,P79,174,64,-87,132,-129,151,176,-149
